    0.10000E-03    0.99542E+02
    0.10202E-03    0.10149E+03
    0.10408E-03    0.10348E+03
    0.10618E-03    0.10550E+03
    0.10833E-03    0.10757E+03
    0.11052E-03    0.10968E+03
    0.11275E-03    0.11182E+03
    0.11503E-03    0.11401E+03
    0.11735E-03    0.11625E+03
    0.11972E-03    0.11852E+03
    0.12214E-03    0.12084E+03
    0.12461E-03    0.12321E+03
    0.12712E-03    0.12562E+03
    0.12969E-03    0.12808E+03
    0.13231E-03    0.13059E+03
    0.13499E-03    0.13314E+03
    0.13771E-03    0.13575E+03
    0.14049E-03    0.13840E+03
    0.14333E-03    0.14111E+03
    0.14623E-03    0.14388E+03
    0.14918E-03    0.14669E+03
    0.15220E-03    0.14956E+03
    0.15527E-03    0.15249E+03
    0.15841E-03    0.15547E+03
    0.16161E-03    0.15851E+03
    0.16487E-03    0.16162E+03
    0.16820E-03    0.16478E+03
    0.17160E-03    0.16800E+03
    0.17507E-03    0.17129E+03
    0.17860E-03    0.17464E+03
    0.18221E-03    0.17806E+03
    0.18589E-03    0.18154E+03
    0.18965E-03    0.18509E+03
    0.19348E-03    0.18871E+03
    0.19739E-03    0.19240E+03
    0.20138E-03    0.19616E+03
    0.20544E-03    0.20000E+03
    0.20959E-03    0.20391E+03
    0.21383E-03    0.20790E+03
    0.21815E-03    0.21196E+03
    0.22255E-03    0.21611E+03
    0.22705E-03    0.22033E+03
    0.23164E-03    0.22464E+03
    0.23632E-03    0.22903E+03
    0.24109E-03    0.23350E+03
    0.24596E-03    0.23806E+03
    0.25093E-03    0.24272E+03
    0.25600E-03    0.24746E+03
    0.26117E-03    0.25229E+03
    0.26645E-03    0.25722E+03
    0.27183E-03    0.26224E+03
    0.27732E-03    0.26736E+03
    0.28292E-03    0.27258E+03
    0.28864E-03    0.27790E+03
    0.29447E-03    0.28333E+03
    0.30042E-03    0.28886E+03
    0.30649E-03    0.29449E+03
    0.31268E-03    0.30024E+03
    0.31899E-03    0.30610E+03
    0.32544E-03    0.31207E+03
    0.33201E-03    0.31815E+03
    0.33872E-03    0.32435E+03
    0.34556E-03    0.33068E+03
    0.35254E-03    0.33712E+03
    0.35966E-03    0.34369E+03
    0.36693E-03    0.35039E+03
    0.37434E-03    0.35721E+03
    0.38190E-03    0.36417E+03
    0.38962E-03    0.37126E+03
    0.39749E-03    0.37848E+03
    0.40552E-03    0.38585E+03
    0.41371E-03    0.39335E+03
    0.42207E-03    0.40100E+03
    0.43060E-03    0.40880E+03
    0.43929E-03    0.41675E+03
    0.44817E-03    0.42484E+03
    0.45722E-03    0.43310E+03
    0.46646E-03    0.44151E+03
    0.47588E-03    0.45008E+03
    0.48550E-03    0.45881E+03
    0.49530E-03    0.46771E+03
    0.50531E-03    0.47678E+03
    0.51552E-03    0.48602E+03
    0.52593E-03    0.49544E+03
    0.53656E-03    0.50503E+03
    0.54739E-03    0.51481E+03
    0.55845E-03    0.52477E+03
    0.56973E-03    0.53492E+03
    0.58124E-03    0.54526E+03
    0.59299E-03    0.55580E+03
    0.60496E-03    0.56653E+03
    0.61719E-03    0.57747E+03
    0.62965E-03    0.58861E+03
    0.64237E-03    0.59996E+03
    0.65535E-03    0.61152E+03
    0.66859E-03    0.62330E+03
    0.68210E-03    0.63529E+03
    0.69588E-03    0.64751E+03
    0.70993E-03    0.65996E+03
    0.72427E-03    0.67263E+03
    0.73891E-03    0.68554E+03
    0.75383E-03    0.69869E+03
    0.76906E-03    0.71208E+03
    0.78460E-03    0.72572E+03
    0.80045E-03    0.73961E+03
    0.81662E-03    0.75375E+03
    0.83311E-03    0.76815E+03
    0.84994E-03    0.78281E+03
    0.86711E-03    0.79774E+03
    0.88463E-03    0.81294E+03
    0.90250E-03    0.82841E+03
    0.92073E-03    0.84416E+03
    0.93933E-03    0.86020E+03
    0.95831E-03    0.87652E+03
    0.97767E-03    0.89313E+03
    0.99742E-03    0.91005E+03
    0.10176E-02    0.92726E+03
    0.10381E-02    0.94477E+03
    0.10591E-02    0.96260E+03
    0.10805E-02    0.98074E+03
    0.11023E-02    0.99920E+03
    0.11246E-02    0.10180E+04
    0.11473E-02    0.10371E+04
    0.11705E-02    0.10565E+04
    0.11941E-02    0.10763E+04
    0.12182E-02    0.10964E+04
    0.12429E-02    0.11169E+04
    0.12680E-02    0.11377E+04
    0.12936E-02    0.11589E+04
    0.13197E-02    0.11804E+04
    0.13464E-02    0.12023E+04
    0.13736E-02    0.12246E+04
    0.14013E-02    0.12472E+04
    0.14296E-02    0.12702E+04
    0.14585E-02    0.12936E+04
    0.14880E-02    0.13174E+04
    0.15180E-02    0.13415E+04
    0.15487E-02    0.13661E+04
    0.15800E-02    0.13910E+04
    0.16119E-02    0.14164E+04
    0.16445E-02    0.14422E+04
    0.16777E-02    0.14684E+04
    0.17116E-02    0.14950E+04
    0.17462E-02    0.15220E+04
    0.17814E-02    0.15494E+04
    0.18174E-02    0.15773E+04
    0.18541E-02    0.16056E+04
    0.18916E-02    0.16343E+04
    0.19298E-02    0.16635E+04
    0.19688E-02    0.16931E+04
    0.20086E-02    0.17231E+04
    0.20491E-02    0.17536E+04
    0.20905E-02    0.17845E+04
    0.21328E-02    0.18159E+04
    0.21758E-02    0.18478E+04
    0.22198E-02    0.18801E+04
    0.22646E-02    0.19128E+04
    0.23104E-02    0.19460E+04
    0.23571E-02    0.19797E+04
    0.24047E-02    0.20139E+04
    0.24533E-02    0.20485E+04
    0.25028E-02    0.20835E+04
    0.25534E-02    0.21191E+04
    0.26050E-02    0.21551E+04
    0.26576E-02    0.21915E+04
    0.27113E-02    0.22285E+04
    0.27660E-02    0.22659E+04
    0.28219E-02    0.23037E+04
    0.28789E-02    0.23421E+04
    0.29371E-02    0.23809E+04
    0.29964E-02    0.24201E+04
    0.30569E-02    0.24598E+04
    0.31187E-02    0.25000E+04
    0.31817E-02    0.25407E+04
    0.32460E-02    0.25817E+04
    0.33115E-02    0.26233E+04
    0.33784E-02    0.26653E+04
    0.34467E-02    0.27077E+04
    0.35163E-02    0.27505E+04
    0.35874E-02    0.27938E+04
    0.36598E-02    0.28375E+04
    0.37338E-02    0.28817E+04
    0.38092E-02    0.29262E+04
    0.38861E-02    0.29712E+04
    0.39646E-02    0.30165E+04
    0.40447E-02    0.30623E+04
    0.41264E-02    0.31084E+04
    0.42098E-02    0.31549E+04
    0.42948E-02    0.32017E+04
    0.43816E-02    0.32489E+04
    0.44701E-02    0.32965E+04
    0.45604E-02    0.33444E+04
    0.46525E-02    0.33926E+04
    0.47465E-02    0.34411E+04
    0.48424E-02    0.34898E+04
    0.49402E-02    0.35389E+04
    0.50400E-02    0.35882E+04
    0.51419E-02    0.36377E+04
    0.52457E-02    0.36875E+04
    0.53517E-02    0.37375E+04
    0.54598E-02    0.37877E+04
    0.55701E-02    0.38380E+04
    0.56826E-02    0.38885E+04
    0.57974E-02    0.39392E+04
    0.59145E-02    0.39899E+04
    0.60340E-02    0.40407E+04
    0.61559E-02    0.40915E+04
    0.62803E-02    0.41424E+04
    0.64072E-02    0.41933E+04
    0.65366E-02    0.42441E+04
    0.66686E-02    0.42949E+04
    0.68033E-02    0.43456E+04
    0.69408E-02    0.43962E+04
    0.70810E-02    0.44466E+04
    0.72240E-02    0.44969E+04
    0.73700E-02    0.45469E+04
    0.75189E-02    0.45966E+04
    0.76708E-02    0.46461E+04
    0.78257E-02    0.46953E+04
    0.79838E-02    0.47441E+04
    0.81451E-02    0.47925E+04
    0.83096E-02    0.48405E+04
    0.84775E-02    0.48880E+04
    0.86488E-02    0.49350E+04
    0.88235E-02    0.49814E+04
    0.90017E-02    0.50272E+04
    0.91836E-02    0.50724E+04
    0.93691E-02    0.51169E+04
    0.95583E-02    0.51606E+04
    0.97514E-02    0.52035E+04
    0.99484E-02    0.52455E+04
    0.10149E-01    0.52867E+04
    0.10354E-01    0.53269E+04
    0.10564E-01    0.53660E+04
    0.10777E-01    0.54041E+04
    0.10995E-01    0.54411E+04
    0.11217E-01    0.54768E+04
    0.11443E-01    0.55114E+04
    0.11675E-01    0.55446E+04
    0.11910E-01    0.55765E+04
    0.12151E-01    0.56069E+04
    0.12397E-01    0.56359E+04
    0.12647E-01    0.56633E+04
    0.12902E-01    0.56891E+04
    0.13163E-01    0.57132E+04
    0.13429E-01    0.57356E+04
    0.13700E-01    0.57562E+04
    0.13977E-01    0.57749E+04
    0.14259E-01    0.57917E+04
    0.14547E-01    0.58065E+04
    0.14841E-01    0.58192E+04
    0.15141E-01    0.58299E+04
    0.15447E-01    0.58383E+04
    0.15759E-01    0.58445E+04
    0.16077E-01    0.58484E+04
    0.16402E-01    0.58500E+04
    0.16734E-01    0.58491E+04
    0.17072E-01    0.58458E+04
    0.17416E-01    0.58400E+04
    0.17768E-01    0.58317E+04
    0.18127E-01    0.58207E+04
    0.18493E-01    0.58071E+04
    0.18867E-01    0.57908E+04
    0.19248E-01    0.57718E+04
    0.19637E-01    0.57501E+04
    0.20034E-01    0.57256E+04
    0.20438E-01    0.56984E+04
    0.20851E-01    0.56683E+04
    0.21272E-01    0.56355E+04
    0.21702E-01    0.56000E+04
    0.22141E-01    0.55616E+04
    0.22588E-01    0.55205E+04
    0.23044E-01    0.54767E+04
    0.23510E-01    0.54303E+04
    0.23985E-01    0.53812E+04
    0.24469E-01    0.53295E+04
    0.24964E-01    0.52753E+04
    0.25468E-01    0.52187E+04
    0.25982E-01    0.51597E+04
    0.26507E-01    0.50985E+04
    0.27043E-01    0.50351E+04
    0.27589E-01    0.49697E+04
    0.28146E-01    0.49024E+04
    0.28715E-01    0.48334E+04
    0.29295E-01    0.47627E+04
    0.29887E-01    0.46906E+04
    0.30490E-01    0.46172E+04
    0.31106E-01    0.45428E+04
    0.31735E-01    0.44674E+04
    0.32376E-01    0.43913E+04
    0.33030E-01    0.43146E+04
    0.33697E-01    0.42376E+04
    0.34378E-01    0.41605E+04
    0.35072E-01    0.40834E+04
    0.35781E-01    0.40067E+04
    0.36504E-01    0.39304E+04
    0.37241E-01    0.38548E+04
    0.37993E-01    0.37802E+04
    0.38761E-01    0.37068E+04
    0.39544E-01    0.36348E+04
    0.40343E-01    0.35642E+04
    0.41158E-01    0.34953E+04
    0.41989E-01    0.34280E+04
    0.42838E-01    0.33625E+04
    0.43703E-01    0.32989E+04
    0.44586E-01    0.32373E+04
    0.45486E-01    0.31780E+04
    0.46405E-01    0.31212E+04
    0.47343E-01    0.30670E+04
    0.48299E-01    0.30156E+04
    0.49275E-01    0.29668E+04
    0.50270E-01    0.29204E+04
    0.51286E-01    0.28761E+04
    0.52322E-01    0.28337E+04
    0.53379E-01    0.27930E+04
    0.54457E-01    0.27538E+04
    0.55557E-01    0.27159E+04
    0.56680E-01    0.26791E+04
    0.57825E-01    0.26433E+04
    0.58993E-01    0.26080E+04
    0.60184E-01    0.25732E+04
    0.61400E-01    0.25386E+04
    0.62641E-01    0.25038E+04
    0.63906E-01    0.24684E+04
    0.65197E-01    0.24322E+04
    0.66514E-01    0.23948E+04
    0.67858E-01    0.23556E+04
    0.69229E-01    0.23143E+04
    0.70627E-01    0.22707E+04
    0.72054E-01    0.22244E+04
    0.73510E-01    0.21754E+04
    0.74994E-01    0.21237E+04
    0.76509E-01    0.20693E+04
    0.78055E-01    0.20125E+04
    0.79632E-01    0.19536E+04
    0.81241E-01    0.18931E+04
    0.82882E-01    0.18315E+04
    0.84556E-01    0.17693E+04
    0.86264E-01    0.17071E+04
    0.88007E-01    0.16455E+04
    0.89785E-01    0.15850E+04
    0.91598E-01    0.15261E+04
    0.93449E-01    0.14694E+04
    0.95337E-01    0.14155E+04
    0.97263E-01    0.13646E+04
    0.99227E-01    0.13173E+04
    0.10123E+00    0.12739E+04
    0.10328E+00    0.12347E+04
    0.10536E+00    0.11996E+04
    0.10749E+00    0.11686E+04
    0.10966E+00    0.11414E+04
    0.11188E+00    0.11174E+04
    0.11414E+00    0.10961E+04
    0.11644E+00    0.10767E+04
    0.11880E+00    0.10583E+04
    0.12120E+00    0.10401E+04
    0.12365E+00    0.10214E+04
    0.12614E+00    0.10013E+04
    0.12869E+00    0.97938E+03
    0.13129E+00    0.95514E+03
    0.13394E+00    0.92842E+03
    0.13665E+00    0.89924E+03
    0.13941E+00    0.86786E+03
    0.14223E+00    0.83471E+03
    0.14510E+00    0.80041E+03
    0.14803E+00    0.76567E+03
    0.15102E+00    0.73134E+03
    0.15407E+00    0.69831E+03
    0.15718E+00    0.66745E+03
    0.16036E+00    0.63948E+03
    0.16360E+00    0.61488E+03
    0.16690E+00    0.59376E+03
    0.17028E+00    0.57586E+03
    0.17371E+00    0.56063E+03
    0.17722E+00    0.54737E+03
    0.18080E+00    0.53532E+03
    0.18446E+00    0.52370E+03
    0.18818E+00    0.51171E+03
    0.19198E+00    0.49860E+03
    0.19586E+00    0.48381E+03
    0.19982E+00    0.46715E+03
    0.20386E+00    0.44890E+03
    0.20797E+00    0.42963E+03
    0.21218E+00    0.41014E+03
    0.21646E+00    0.39119E+03
    0.22083E+00    0.37349E+03
    0.22530E+00    0.35756E+03
    0.22985E+00    0.34369E+03
    0.23449E+00    0.33187E+03
    0.23923E+00    0.32175E+03
    0.24406E+00    0.31276E+03
    0.24899E+00    0.30422E+03
    0.25402E+00    0.29546E+03
    0.25915E+00    0.28594E+03
    0.26439E+00    0.27549E+03
    0.26973E+00    0.26431E+03
    0.27518E+00    0.25280E+03
    0.28074E+00    0.24148E+03
    0.28641E+00    0.23082E+03
    0.29219E+00    0.22121E+03
    0.29810E+00    0.21280E+03
    0.30412E+00    0.20540E+03
    0.31026E+00    0.19862E+03
    0.31653E+00    0.19206E+03
    0.32292E+00    0.18537E+03
    0.32945E+00    0.17835E+03
    0.33610E+00    0.17102E+03
    0.34289E+00    0.16366E+03
    0.34982E+00    0.15660E+03
    0.35689E+00    0.15007E+03
    0.36409E+00    0.14412E+03
    0.37145E+00    0.13871E+03
    0.37895E+00    0.13363E+03
    0.38661E+00    0.12863E+03
    0.39442E+00    0.12359E+03
    0.40239E+00    0.11851E+03
    0.41052E+00    0.11349E+03
    0.41881E+00    0.10870E+03
    0.42727E+00    0.10422E+03
    0.43590E+00    0.10006E+03
    0.44471E+00    0.96128E+02
    0.45369E+00    0.92316E+02
    0.46286E+00    0.88556E+02
    0.47221E+00    0.84850E+02
    0.48174E+00    0.81272E+02
    0.49148E+00    0.77869E+02
    0.50141E+00    0.74654E+02
    0.51153E+00    0.71600E+02
    0.52187E+00    0.68650E+02
    0.53241E+00    0.65781E+02
    0.54317E+00    0.62999E+02
    0.55414E+00    0.60329E+02
    0.56533E+00    0.57786E+02
    0.57675E+00    0.55358E+02
    0.58840E+00    0.53027E+02
    0.60029E+00    0.50775E+02
    0.61242E+00    0.48606E+02
    0.62479E+00    0.46526E+02
    0.63741E+00    0.44537E+02
    0.65029E+00    0.42632E+02
    0.66342E+00    0.40803E+02
    0.67683E+00    0.39043E+02
    0.69050E+00    0.37356E+02
    0.70445E+00    0.35739E+02
    0.71868E+00    0.34191E+02
    0.73320E+00    0.32704E+02
    0.74801E+00    0.31280E+02
    0.76312E+00    0.29914E+02
    0.77854E+00    0.28606E+02
    0.79426E+00    0.27352E+02
    0.81031E+00    0.26150E+02
    0.82668E+00    0.24998E+02
    0.84338E+00    0.23896E+02
    0.86041E+00    0.22839E+02
    0.87780E+00    0.21827E+02
    0.89553E+00    0.20858E+02
    0.91362E+00    0.19931E+02
    0.93208E+00    0.19043E+02
    0.95091E+00    0.18193E+02
    0.97011E+00    0.17379E+02
    0.98971E+00    0.16600E+02
    0.10097E+01    0.15855E+02
    0.10301E+01    0.15142E+02
    0.10509E+01    0.14460E+02
    0.10721E+01    0.13807E+02
    0.10938E+01    0.13183E+02
    0.11159E+01    0.12586E+02
    0.11384E+01    0.12015E+02
    0.11614E+01    0.11469E+02
    0.11849E+01    0.10946E+02
    0.12088E+01    0.10447E+02
    0.12333E+01    0.99700E+01
    0.12582E+01    0.95139E+01
    0.12836E+01    0.90779E+01
    0.13095E+01    0.86612E+01
    0.13360E+01    0.82630E+01
    0.13630E+01    0.78825E+01
    0.13905E+01    0.75189E+01
    0.14186E+01    0.71716E+01
    0.14472E+01    0.68399E+01
    0.14765E+01    0.65230E+01
    0.15063E+01    0.62203E+01
    0.15367E+01    0.59313E+01
    0.15678E+01    0.56553E+01
    0.15994E+01    0.53918E+01
    0.16318E+01    0.51401E+01
    0.16647E+01    0.48999E+01
    0.16984E+01    0.46707E+01
    0.17327E+01    0.44518E+01
    0.17677E+01    0.42429E+01
    0.18034E+01    0.40435E+01
    0.18398E+01    0.38532E+01
    0.18770E+01    0.36717E+01
    0.19149E+01    0.34985E+01
    0.19536E+01    0.33332E+01
    0.19930E+01    0.31756E+01
    0.20333E+01    0.30252E+01
    0.20744E+01    0.28817E+01
    0.21163E+01    0.27449E+01
    0.21590E+01    0.26144E+01
    0.22026E+01    0.24900E+01
    0.22471E+01    0.23714E+01
    0.22925E+01    0.22582E+01
    0.23388E+01    0.21503E+01
    0.23861E+01    0.20475E+01
    0.24343E+01    0.19495E+01
    0.24835E+01    0.18560E+01
    0.25336E+01    0.17670E+01
    0.25848E+01    0.16821E+01
    0.26370E+01    0.16012E+01
    0.26903E+01    0.15241E+01
    0.27447E+01    0.14506E+01
    0.28001E+01    0.13806E+01
    0.28567E+01    0.13140E+01
    0.29144E+01    0.12504E+01
    0.29733E+01    0.11899E+01
    0.30333E+01    0.11322E+01
    0.30946E+01    0.10773E+01
    0.31571E+01    0.10250E+01
    0.32209E+01    0.97517E+00
    0.32860E+01    0.92773E+00
    0.33523E+01    0.88254E+00
    0.34201E+01    0.83952E+00
    0.34892E+01    0.79855E+00
    0.35596E+01    0.75954E+00
    0.36316E+01    0.72240E+00
    0.37049E+01    0.68705E+00
    0.37798E+01    0.65339E+00
    0.38561E+01    0.62135E+00
    0.39340E+01    0.59086E+00
    0.40135E+01    0.56183E+00
    0.40946E+01    0.53421E+00
    0.41773E+01    0.50792E+00
    0.42617E+01    0.48290E+00
    0.43478E+01    0.45909E+00
    0.44356E+01    0.43644E+00
    0.45252E+01    0.41488E+00
    0.46166E+01    0.39437E+00
    0.47099E+01    0.37486E+00
    0.48050E+01    0.35630E+00
    0.49021E+01    0.33864E+00
    0.50011E+01    0.32185E+00
    0.51021E+01    0.30587E+00
    0.52052E+01    0.29068E+00
    0.53104E+01    0.27623E+00
    0.54176E+01    0.26248E+00
    0.55271E+01    0.24941E+00
    0.56387E+01    0.23698E+00
    0.57526E+01    0.22516E+00
    0.58689E+01    0.21392E+00
    0.59874E+01    0.20323E+00
    0.61084E+01    0.19307E+00
    0.62318E+01    0.18341E+00
    0.63577E+01    0.17423E+00
    0.64861E+01    0.16550E+00
    0.66171E+01    0.15720E+00
    0.67508E+01    0.14931E+00
    0.68872E+01    0.14181E+00
    0.70263E+01    0.13469E+00
    0.71682E+01    0.12791E+00
    0.73130E+01    0.12148E+00
    0.74608E+01    0.11536E+00
    0.76115E+01    0.10954E+00
    0.77653E+01    0.10402E+00
    0.79221E+01    0.98770E-01
    0.80822E+01    0.93782E-01
    0.82454E+01    0.89043E-01
    0.84120E+01    0.84540E-01
    0.85819E+01    0.80262E-01
    0.87553E+01    0.76197E-01
    0.89322E+01    0.72337E-01
    0.91126E+01    0.68669E-01
    0.92967E+01    0.65185E-01
    0.94845E+01    0.61875E-01
    0.96761E+01    0.58732E-01
    0.98716E+01    0.55746E-01
