0.011228 307308.318501 nan 20
0.022220 9558.982245 15577.190667 43
0.031617 3170.884315 6211.359511 79
0.041913 1089.485829 1710.887172 148
0.051719 639.820492 859.876752 181
0.061452 471.313304 872.048468 286
0.071595 305.131007 611.331404 364
0.081434 182.755112 314.073306 465
0.091566 124.457279 192.283597 601
0.101559 100.864781 186.516347 700
0.111604 73.093095 105.739244 877
0.121480 56.506472 91.979503 961
0.131416 45.397360 74.076605 1213
0.141530 35.051521 57.222785 1333
0.151369 27.641810 43.021263 1522
0.161348 24.537482 39.202446 1756
0.171357 19.309562 30.722523 1957
0.181342 16.849940 27.988999 2191
0.191335 14.725370 24.429642 2425
0.201367 12.439313 19.870005 2721
0.211365 10.299533 16.613052 2917
0.221275 9.072123 13.398849 3217
0.231335 8.304822 13.240745 3586
0.241338 7.314410 11.651955 3775
0.251264 6.393273 10.275885 4153
0.261327 5.795623 9.604806 4525
0.271333 5.007388 7.951407 4786
0.281335 4.467740 7.131940 5230
0.291366 3.966274 6.486637 5524
0.301313 3.697517 5.901559 5905
0.311313 3.271205 5.127626 6337
0.321307 3.080512 4.841536 6720
0.331315 2.841265 4.657802 7171
0.341305 2.559302 4.234797 7534
0.351291 2.256704 3.629707 8062
0.361347 2.072693 3.324923 8530
0.371326 1.949437 3.123010 8887
0.381328 1.826273 3.004409 9493
0.391325 1.670062 2.672117 9865
0.401327 1.555324 2.457752 10528
0.411368 1.419593 2.215216 10951
0.421335 1.319156 2.075324 11440
0.431337 1.239884 1.975268 12079
0.441334 1.144803 1.806952 12568
0.451314 1.105960 1.822803 13155
0.461310 1.006474 1.614729 13735
0.471333 0.960314 1.525287 14443
0.481327 0.897638 1.446046 14842
0.491294 0.841495 1.366356 15610
0.501305 0.793321 1.272493 16201
0.511317 0.737580 1.143550 16912
0.521318 0.696825 1.104260 17491
0.531288 0.675279 1.085068 18109
0.541271 0.638610 1.023913 18901
0.551306 0.601144 0.957588 19681
0.561316 0.565608 0.895924 20221
0.571297 0.540065 0.864969 21015
0.581312 0.508439 0.802910 21790
0.591327 0.488032 0.780412 22522
0.601325 0.462679 0.736747 23230
0.611304 0.440573 0.718468 23947
0.621284 0.420815 0.672315 24820
0.631320 0.394480 0.624429 25762
0.641324 0.378369 0.597828 26338
0.651319 0.364771 0.580855 27307
0.661292 0.344222 0.539112 27871
0.671294 0.333396 0.535118 29185
0.681343 0.314929 0.500512 29824
0.691317 0.303811 0.479460 30537
0.701315 0.292322 0.468452 31657
0.711305 0.278571 0.442385 32320
0.721313 0.268824 0.431853 33586
0.731316 0.256014 0.407496 34105
0.741298 0.246529 0.391076 35344
0.751321 0.236292 0.381136 36214
0.761310 0.228576 0.360820 37099
0.771289 0.218164 0.349474 38017
0.781284 0.209214 0.328995 39190
0.791323 0.202360 0.324348 40381
0.801333 0.194725 0.309216 40960
