0.004712 186087.326269 nan 4
0.008886 230692.736103 32184.344268 3
0.010883 125183.308389 -0.000000 1
0.012566 46698.643449 103117.747725 3
0.014050 42649.061943 -44520.867982 6
0.015391 59737.430239 -33279.427203 3
0.017772 19584.474209 5469.351393 3
0.018850 15811.309639 30808.808941 6
0.019869 28834.456899 40385.572786 6
0.020839 8221.492952 -14658.306036 3
0.021766 5643.305300 -0.000000 1
0.022654 3648.015214 -3077.552636 6
0.023510 5819.555330 933.421182 6
0.025133 4552.470735 -6874.392470 3
0.025906 1893.729612 2932.763900 9
0.026657 4220.623535 -87.213256 6
0.027862 5327.109502 3636.518149 9
0.028793 1854.104058 -800.265443 6
0.029471 2894.133587 924.345425 3
0.030781 2978.455364 243.087407 3
0.031771 2283.000909 941.015691 21
0.032648 2022.627783 -3688.081696 4
0.033836 3452.876603 370.417929 12
0.034414 1986.711014 -2173.008331 6
0.035910 2331.052360 -1363.583826 9
0.036851 1749.933883 664.301383 15
0.037959 2253.033983 1175.185439 12
0.038732 1830.431595 -1048.859033 9
0.040091 1651.479905 -397.195361 21
0.040880 1628.765505 231.124382 9
0.042055 1303.735948 -576.047565 15
0.042615 509.432637 -705.178834 6
0.043937 920.756356 220.444764 10
0.044555 870.456323 -241.059501 21
0.045827 1334.031374 679.433519 30
0.047019 829.183476 693.404942 6
0.047909 1030.295421 -418.093740 21
0.049073 750.653680 -150.199600 12
0.049632 973.349082 1240.310589 15
0.050812 706.427168 -231.781751 30
0.051954 775.773381 -571.991916 24
0.052569 454.895351 481.484174 6
0.053816 738.424808 -32.197638 33
0.054856 600.774462 -27.304479 22
0.055845 506.822695 73.220579 12
0.056833 534.711223 -10.148602 33
0.058020 424.661309 25.526420 33
0.059234 475.542303 155.877571 24
0.059690 375.082254 -84.413062 24
0.060809 597.140782 -810.293215 18
0.062023 456.534592 -39.090406 27
0.062943 389.065541 -224.815685 42
0.063870 388.817128 -107.472465 18
0.064661 343.063107 142.986392 33
0.065722 291.988443 162.278923 34
0.066922 360.594166 -311.722131 27
0.067866 273.070047 -175.647561 45
0.069020 338.269759 90.915421 18
0.069860 345.825287 134.981256 48
0.070608 292.881700 173.122351 21
0.071687 237.321259 -89.670777 51
0.072823 320.925184 -76.277809 36
0.073766 208.586335 114.081255 36
0.074608 303.571803 175.561267 24
0.075817 201.302213 50.812703 58
0.076747 205.829040 121.050826 45
0.077845 218.042513 -21.147843 54
0.078853 160.771079 186.026276 24
0.079802 183.187922 64.374227 48
0.080709 183.481358 51.959441 42
0.081874 206.578149 -44.188797 60
0.082722 146.137589 -28.550859 45
0.083846 166.185610 -0.687772 39
0.084635 173.075721 42.520891 54
0.085589 167.037905 -17.167242 54
0.086446 148.273022 -31.357994 31
0.087723 147.983325 38.245677 81
0.088802 135.894110 32.898968 48
0.089860 122.104164 -39.770583 78
0.090926 112.985601 -8.856478 57
0.091680 103.099400 58.861601 33
0.092675 124.391173 42.752033 54
0.093763 159.722025 48.369972 78
0.094770 129.735554 77.225782 54
0.095752 116.385199 71.931816 87
0.096687 114.079154 9.768043 45
0.097794 99.739595 -6.469258 64
0.098697 89.103428 34.959138 72
0.099702 104.594638 36.252417 75
0.100847 96.599168 -24.010382 54
0.101728 96.383501 5.442360 87
0.102895 88.018341 -8.513041 99
0.103955 90.347858 25.260934 57
0.104673 69.968828 24.587737 51
0.105746 97.366551 22.702986 96
0.106953 69.579700 -6.478961 72
0.107841 73.069024 29.102488 102
0.108828 88.170106 44.764851 73
0.109904 87.969236 16.707094 87
0.110763 71.807126 -6.346486 51
0.111604 73.066205 -8.622869 96
0.112897 66.939702 17.470671 105
0.113781 61.088285 1.731551 90
0.114683 68.341619 -11.734719 60
0.115830 60.677651 25.289972 141
0.116798 51.399390 25.372225 60
0.117794 60.124943 14.088846 108
0.118758 58.416302 -22.899145 72
0.119800 51.130178 14.717923 121
0.120854 54.291785 -18.806406 93
0.121758 54.123794 -3.154457 126
0.122652 51.688202 30.151563 54
0.123723 53.177435 4.375106 129
0.124767 54.323105 17.639305 96
0.125723 47.074504 -3.409776 102
0.126751 40.842098 17.037670 141
0.127741 45.192745 -4.006971 90
0.128681 46.846959 1.278337 102
0.129706 43.746260 -2.404824 138
0.130800 38.617843 -13.022815 103
0.131800 45.130214 -12.219634 129
0.132814 33.407244 -0.541819 99
0.133604 46.872667 -4.608339 120
0.134678 39.460507 -4.251373 147
0.135838 37.909458 3.225304 144
0.136892 39.310475 0.349603 102
0.137870 40.595199 9.451111 105
0.138778 36.436477 -6.850386 174
0.139792 30.412934 2.827364 120
0.140766 38.391790 0.865637 114
0.141627 36.737111 -15.347007 130
0.142697 33.500611 -4.585723 141
0.143700 30.342403 1.461884 147
0.144816 31.343546 -0.351824 162
0.145899 33.644486 2.019956 138
0.146904 31.596657 0.830331 171
0.147771 32.083790 3.747084 102
0.148706 29.190014 5.348392 150
0.149731 26.144426 -1.277590 165
0.150825 28.200142 -2.902634 123
0.151788 30.571385 2.136682 204
0.152885 29.847018 -0.978397 166
0.153842 27.345157 -0.171546 138
0.154769 28.700730 -3.291100 132
0.155698 26.089461 -2.284579 171
0.156838 21.626589 0.988513 177
0.157769 26.004533 -2.476443 180
0.158805 23.052608 2.309397 159
0.159859 24.914355 1.391681 180
0.160743 22.429169 1.874730 153
0.161794 24.012404 3.152394 219
0.162965 22.412715 -4.269272 130
0.163743 20.957041 -0.521753 180
0.164764 20.860406 -1.745512 195
0.165734 24.326740 -9.264983 183
0.166700 20.725824 -6.568716 180
0.167756 22.317346 -1.520043 204
0.168892 19.669903 2.416992 168
0.169830 20.646152 -3.920105 237
0.170825 18.780124 3.461264 162
0.171757 21.222722 -2.913132 207
0.172723 21.766888 -0.309459 171
0.173693 17.535668 3.117881 199
0.174770 17.877926 -0.398880 243
0.175786 15.191030 -3.532114 186
0.176781 18.602747 -8.457176 201
0.177804 18.039116 3.086565 237
0.178788 18.848223 1.630125 228
0.179872 16.368016 1.707205 195
0.180689 15.548529 -3.067911 183
0.181696 16.965011 -1.152247 201
0.182758 16.181993 5.996966 276
0.183727 16.245232 -2.968980 231
0.184858 14.816706 -0.893071 238
0.185789 14.239742 0.721234 201
0.186756 13.544774 0.764692 225
0.187700 14.373492 -2.374906 207
0.188731 14.865562 -0.572587 279
0.189796 16.372857 -1.005255 258
0.190862 14.836660 -2.133228 234
0.191788 13.551552 4.198340 234
0.192780 13.959650 -1.516953 258
0.193796 12.819775 0.619791 243
0.194897 13.931498 -2.448885 243
0.195740 13.542113 0.960991 244
0.196741 11.314258 2.511286 252
0.197653 13.278702 -2.486269 282
0.198742 12.504709 -1.079378 246
0.199812 11.778277 0.142493 264
0.200845 12.230998 0.539825 312
0.201823 11.055085 0.005231 246
0.202843 12.495165 -1.536250 288
0.203764 11.567408 1.316053 249
0.204815 10.701158 -1.398081 288
0.205801 11.886918 -1.926624 294
0.206763 12.565459 0.807253 229
0.207779 10.883846 -1.329841 321
0.208867 11.300896 -1.029578 339
0.209794 11.276024 -1.000286 219
0.210782 11.644112 -0.111458 342
0.211805 10.285619 -0.974924 288
0.212728 10.023109 1.297519 213
0.213771 10.005690 -1.034579 387
0.214807 9.828363 0.857938 306
0.215735 10.761683 1.543602 273
0.216758 9.842430 1.581917 345
0.217862 10.836919 2.834261 304
0.218812 9.296642 1.721268 324
0.219863 9.740682 1.084309 333
0.220801 10.058794 -1.727508 279
0.221813 9.256734 0.233608 351
0.222807 9.122253 -1.206333 348
0.223851 9.125463 -2.637102 336
0.224809 9.291486 0.728273 264
0.225706 9.577458 -0.316277 333
0.226752 9.674778 -1.352348 366
0.227722 8.851581 -1.676047 327
0.228770 8.204988 -0.172639 409
0.229779 8.345230 3.080603 300
0.230793 8.900159 0.581915 345
0.231776 8.291975 -0.174615 366
0.232802 7.686316 0.021499 348
0.233780 7.476501 0.478693 414
0.234838 8.056524 -1.094777 324
0.235835 8.377027 -0.672137 387
0.236856 7.883645 0.264518 387
0.237776 6.888906 -0.322418 327
0.238875 7.115256 -0.644648 384
0.239798 7.477803 0.217425 385
0.240781 7.200865 -0.077100 363
0.241756 7.034061 -0.020757 417
0.242828 6.620081 0.003380 399
0.243817 6.785569 0.786183 306
0.244719 6.503799 -0.168992 399
0.245658 6.848843 -0.563531 408
0.246730 6.490169 -0.419751 420
0.247738 6.235327 -0.343055 426
0.248866 6.074221 0.016667 459
0.249870 6.029660 0.564856 342
0.250735 6.282949 -0.528091 391
0.251754 6.475323 0.165797 444
0.252722 5.691314 -1.119822 369
0.253750 5.667359 0.977205 492
0.254792 6.555000 1.020557 450
0.255772 6.073571 -0.535796 360
0.256747 6.319500 -0.075892 456
0.257824 6.213224 0.258891 420
0.258780 5.837909 -0.487695 489
0.259795 5.720088 0.329873 450
0.260747 5.693147 -0.562744 385
0.261802 5.850063 -0.598046 489
0.262790 5.457994 -0.484144 465
0.263897 5.650037 0.084718 462
0.264855 5.307337 -0.308917 483
0.265817 4.857392 0.333986 426
0.266830 5.148817 0.206809 456
0.267723 5.616611 0.039333 459
0.268761 4.634750 0.526775 480
0.269828 5.032017 -1.126531 474
0.270773 4.754304 0.359135 474
0.271770 5.058311 0.088751 487
0.272801 4.920912 -0.654739 558
0.273772 4.735907 0.252362 411
0.274715 4.631591 -0.187448 459
0.275763 4.395731 -0.811499 528
0.276787 5.011651 -0.886180 540
0.277754 4.513120 0.681213 489
0.278774 4.686901 -0.171613 513
0.279796 4.142111 0.288556 522
0.280796 4.402442 0.238293 513
0.281730 4.435149 0.427052 465
0.282709 4.608086 -0.428752 529
0.283773 4.337959 -0.058697 567
0.284819 4.126632 -0.626475 588
0.285819 4.394230 0.204450 504
0.286835 4.226430 0.760013 540
0.287810 4.028322 -0.361913 516
0.288745 4.158838 -0.151901 471
0.289785 4.116977 0.558819 669
0.290824 3.835990 0.463477 546
0.291776 3.889252 -0.598937 498
0.292767 4.339517 0.357038 576
0.293747 3.991868 0.386166 526
0.294698 3.844182 0.092308 537
0.295728 4.004567 0.021773 645
0.296738 3.690836 0.659527 558
0.297829 3.568160 -0.303476 621
0.298758 3.773717 0.016259 564
0.299747 3.392948 -0.556332 552
0.300787 3.555111 -0.243032 636
0.301850 3.758602 -0.073935 585
0.302750 3.617306 0.025791 543
0.303762 3.663618 -0.380021 711
0.304778 3.632340 0.615997 538
0.305767 3.439848 -0.060984 597
0.306756 3.122528 -0.207571 606
0.307779 3.374767 -0.166194 645
0.308781 3.141246 -0.148180 645
0.309774 3.326554 -0.241473 609
0.310813 3.265029 0.175245 675
0.311849 3.433654 0.155460 621
0.312860 3.161525 0.170312 699
0.313861 3.052161 -0.150374 522
0.314745 3.269778 0.011462 642
0.315775 3.053247 0.294888 673
0.316779 3.206976 -0.141430 720
0.317842 3.216595 -0.459549 660
0.318855 3.209394 0.232570 654
0.319844 3.148742 -0.333962 585
0.320812 2.988300 0.242741 750
0.321810 2.953351 0.223255 675
0.322823 3.139084 -0.372173 639
0.323741 2.824533 0.139501 624
0.324712 3.059138 0.125224 729
0.325792 2.812362 0.282500 684
0.326759 2.722313 -0.070922 706
0.327805 2.766425 0.081771 744
0.328835 2.909338 -0.127557 684
0.329773 2.758814 -0.058111 726
0.330786 2.838849 -0.262364 681
0.331776 2.613050 -0.053472 714
0.332805 2.659146 0.381192 711
0.333809 2.789239 -0.088025 750
0.334786 2.471988 0.199883 744
0.335762 2.368736 -0.264886 711
0.336713 2.710944 -0.386801 654
0.337755 2.509294 -0.433226 823
0.338774 2.631519 -0.003345 732
0.339794 2.639185 -0.490704 789
0.340787 2.594083 0.199451 747
0.341807 2.554880 -0.042997 780
0.342816 2.558369 -0.166033 762
0.343807 2.591501 -0.200691 777
0.344772 2.534929 0.116832 702
0.345778 2.490398 0.301549 768
0.346778 2.363033 -0.115409 876
0.347775 2.397195 0.427804 703
0.348787 2.422117 0.090128 885
0.349784 2.368585 -0.135349 729
0.350781 2.299510 0.310786 762
0.351764 2.365459 -0.141994 807
0.352754 2.386499 0.064297 906
0.353834 2.283271 -0.037361 792
0.354819 2.306992 -0.212620 849
0.355819 2.221658 -0.072070 753
0.356795 2.266862 -0.156670 855
0.357810 2.032879 -0.316543 837
0.358795 2.122151 0.130355 805
0.359803 2.167450 0.160853 843
0.360788 2.038922 0.277102 933
0.361795 2.196393 0.207640 750
0.362792 2.072882 0.113250 912
0.363756 2.153399 -0.045657 714
0.364743 2.012669 0.144201 957
0.365792 2.058455 -0.101456 924
0.366759 1.959590 0.130971 828
0.367795 2.013438 0.016895 936
0.368835 1.959156 0.120592 870
0.369823 1.893553 0.018271 856
0.370797 2.013610 -0.063596 882
0.371817 2.002413 0.137549 1002
0.372809 1.979644 -0.313307 750
0.373751 1.951173 0.199280 966
0.374805 1.823235 -0.045787 972
0.375780 1.909183 -0.169345 825
0.376809 1.755417 -0.002379 939
0.377763 1.942159 0.078560 876
0.378714 1.876350 0.011990 981
0.379788 1.831502 -0.197723 1005
0.380805 1.851249 -0.101631 901
0.381817 1.700146 0.019657 918
0.382781 1.639383 -0.184528 939
0.383744 1.701383 0.211060 957
0.384764 1.687206 0.056532 945
0.385759 1.764444 -0.029100 1032
0.386787 1.822422 -0.219677 933
0.387780 1.713135 0.020203 960
0.388751 1.680482 0.120072 1017
0.389818 1.647100 -0.169706 966
0.390828 1.685303 -0.120197 1071
0.391825 1.620078 -0.074280 943
0.392764 1.589700 -0.079504 984
0.393741 1.695139 0.165820 954
0.394743 1.670366 -0.007323 1005
0.395794 1.539962 -0.031684 1032
0.396746 1.588822 -0.080279 1065
0.397799 1.565724 0.068142 1065
0.398788 1.532378 -0.264911 981
0.399784 1.532104 0.263815 1017
0.400758 1.562758 0.122795 1071
0.401807 1.604901 -0.083501 1032
0.402773 1.554118 -0.095987 1027
0.403766 1.421892 -0.109151 1101
0.404774 1.502629 -0.007651 1008
0.405772 1.453187 0.286075 1161
0.406764 1.524681 0.034263 966
0.407768 1.503802 -0.021522 1104
0.408801 1.424115 -0.081936 1137
0.409776 1.435637 -0.070580 996
0.410716 1.409031 0.071889 1122
0.411740 1.407738 0.061668 1164
0.412839 1.418383 -0.049296 1071
0.413809 1.472754 -0.005514 1174
0.414795 1.456786 -0.006296 996
0.415769 1.364878 0.067634 1221
0.416837 1.412363 0.031256 1173
0.417828 1.385266 -0.054146 1032
0.418797 1.315092 -0.053008 1188
0.419801 1.354924 -0.000371 1149
0.420813 1.353713 0.033058 1026
0.421750 1.278935 -0.098664 1152
0.422743 1.320565 -0.162706 1230
0.423763 1.263285 0.156491 1155
0.424805 1.342248 -0.002209 1231
0.425794 1.276884 -0.005609 1104
0.426774 1.353321 -0.043077 1065
0.427769 1.274649 0.154820 1368
0.428802 1.291203 -0.089639 1176
0.429808 1.300728 -0.083628 1167
0.430792 1.177959 0.056711 1191
0.431803 1.159877 -0.022986 1242
0.432801 1.211314 0.018979 1149
0.433780 1.241717 0.062387 1227
0.434743 1.170649 0.041247 1158
0.435790 1.177434 0.090161 1336
0.436770 1.226750 -0.017591 1236
0.437763 1.266102 0.050792 1167
0.438775 1.204011 -0.011237 1242
0.439812 1.164079 -0.015545 1341
0.440800 1.201827 -0.080746 1185
0.441777 1.172992 0.113292 1344
0.442762 1.052983 0.010966 1176
0.443761 1.130686 -0.088565 1239
0.444788 1.227667 -0.003275 1422
0.445827 1.116176 0.007014 1216
0.446819 1.195365 -0.096411 1338
0.447768 1.074291 -0.015042 1236
0.448788 1.067557 -0.009147 1314
0.449784 1.062801 -0.037401 1311
0.450770 1.106118 0.044813 1320
0.451770 1.076077 -0.038599 1257
0.452802 1.071813 -0.000296 1368
0.453795 1.088436 -0.093277 1386
0.454822 1.049108 -0.168347 1371
0.455770 1.051294 0.064855 1254
0.456760 1.051792 0.005306 1267
0.457723 1.023072 -0.010687 1332
0.458771 1.061934 -0.133934 1500
0.459801 1.046477 -0.075101 1407
0.460811 1.006760 -0.025710 1305
0.461782 0.975381 -0.027403 1365
0.462734 1.032135 0.047350 1341
0.463770 1.018388 -0.044314 1449
0.464792 0.992793 -0.115465 1359
0.465760 1.016056 0.006837 1410
0.466812 0.978532 0.048993 1482
0.467785 0.965983 0.025312 1402
0.468788 1.010049 0.054487 1383
0.469769 0.948627 0.084765 1401
0.470803 0.914371 0.024921 1476
0.471802 0.931694 0.004679 1362
0.472756 0.942991 -0.022647 1539
0.473781 0.961298 -0.010051 1437
0.474781 0.871771 0.050882 1371
0.475793 0.881907 0.028343 1590
0.476803 0.899026 -0.050085 1362
0.477776 0.933983 0.071628 1518
0.478782 0.876760 -0.018234 1483
0.479791 0.909084 -0.059045 1446
0.480785 0.887728 -0.073414 1611
0.481803 0.882081 0.041895 1437
0.482796 0.888586 0.032858 1452
0.483767 0.893394 -0.098800 1443
0.484757 0.913007 0.038635 1608
0.485756 0.880550 -0.020656 1482
0.486779 0.830126 -0.012272 1671
0.487803 0.918479 -0.028354 1443
0.488786 0.875557 0.036181 1467
0.489744 0.849299 -0.061674 1510
0.490745 0.855702 -0.012249 1683
0.491790 0.864906 -0.084654 1581
0.492791 0.818050 -0.071631 1509
0.493770 0.825193 -0.034472 1599
0.494796 0.847249 -0.018023 1605
0.495772 0.796503 0.047797 1542
0.496771 0.803194 0.032743 1476
0.497754 0.777933 0.014978 1716
0.498785 0.801047 -0.019679 1716
0.499752 0.784082 0.093858 1383
0.500750 0.811611 -0.003825 1771
0.501817 0.791385 -0.082971 1656
0.502823 0.798124 -0.064491 1557
0.503772 0.760497 0.032668 1683
0.504774 0.801793 -0.010096 1623
0.505775 0.765701 0.004707 1620
0.506777 0.758865 0.025221 1713
0.507787 0.761344 0.035904 1605
0.508822 0.775994 -0.049335 1773
0.509770 0.773313 0.064284 1560
0.510790 0.730687 0.015955 1734
0.511789 0.751556 -0.027629 1711
0.512760 0.727169 -0.069102 1635
0.513779 0.740432 0.011748 1755
0.514797 0.756994 0.013147 1623
0.515785 0.741872 0.001652 1803
0.516775 0.719914 0.026270 1671
0.517766 0.719972 -0.015230 1800
0.518807 0.705292 0.007235 1761
0.519809 0.724917 0.055681 1650
0.520786 0.718505 0.010022 1755
0.521777 0.730232 -0.034330 1803
0.522814 0.696336 0.005057 1768
0.523784 0.716538 -0.015177 1710
0.524797 0.737440 -0.060589 1896
0.525815 0.676838 0.030289 1677
0.526761 0.669994 -0.042119 1785
0.527779 0.672652 0.000204 1731
0.528798 0.687924 -0.017809 1911
0.529772 0.684256 0.016574 1770
0.530791 0.680206 0.000851 1899
0.531778 0.664086 0.048238 1701
0.532742 0.686748 0.049748 1750
0.533797 0.671470 0.010546 2013
0.534813 0.637924 -0.002713 1887
0.535772 0.667654 -0.037500 1662
0.536759 0.653670 -0.002290 1944
0.537782 0.651651 -0.053480 1887
0.538789 0.665215 -0.012308 1851
0.539787 0.640554 -0.015046 1872
0.540796 0.659269 -0.033907 1908
0.541777 0.601756 -0.001412 1788
0.542773 0.658710 -0.005132 2076
0.543796 0.604882 -0.005185 1810
0.544788 0.604545 0.023247 1980
0.545796 0.609728 -0.029926 1785
0.546783 0.613560 0.020240 1950
0.547788 0.596474 0.010685 2058
0.548812 0.609839 0.032539 1932
0.549806 0.595023 0.017746 1995
0.550834 0.601312 -0.007406 1815
0.551801 0.572866 -0.021994 2061
0.552834 0.585170 0.019784 1986
0.553811 0.605380 -0.026069 1872
0.554775 0.589135 -0.005144 1960
0.555782 0.598387 -0.024331 2052
0.556818 0.575530 -0.018213 2100
0.557814 0.593896 0.008892 1914
0.558794 0.583733 -0.020116 1830
0.559773 0.597065 -0.062164 2172
0.560794 0.561397 0.033552 2055
0.561766 0.541944 0.002216 1893
0.562749 0.552604 -0.005860 2133
0.563729 0.546864 0.049380 1830
0.564776 0.539857 0.032892 2343
0.565801 0.523649 0.022229 1951
0.566779 0.539787 -0.004825 2136
0.567786 0.558169 0.021654 2010
0.568751 0.565787 0.013866 2049
0.569765 0.554322 -0.000509 2118
0.570769 0.527590 0.016092 2139
0.571794 0.536672 0.009182 2067
0.572777 0.534705 0.022157 2070
0.573730 0.517913 0.013838 2052
0.574757 0.524715 -0.008193 2388
0.575804 0.522313 0.009705 1986
0.576791 0.519372 -0.036199 2212
0.577837 0.516363 -0.005928 2169
0.578797 0.513425 -0.001306 2067
0.579777 0.514270 0.011251 2226
0.580787 0.508943 -0.010690 2205
0.581819 0.489909 -0.008785 2103
0.582769 0.509195 0.031856 2160
0.583770 0.490314 0.013722 2136
0.584776 0.493528 0.025542 2301
0.585781 0.514868 -0.033337 2211
0.586773 0.492407 0.003707 2112
0.587790 0.499123 0.015494 2422
0.588780 0.481111 0.022224 2115
0.589787 0.486680 0.000563 2178
0.590782 0.469136 0.043880 2238
0.591757 0.481299 -0.023330 2310
0.592794 0.461464 0.004381 2328
0.593779 0.486023 0.007820 2250
0.594777 0.478372 -0.004449 2151
0.595795 0.474499 -0.035342 2418
0.596794 0.457513 -0.037109 2274
0.597803 0.466114 0.033192 2322
0.598793 0.453728 0.004639 2239
0.599783 0.458655 0.021838 2343
0.600762 0.469037 0.001071 2235
0.601752 0.444836 0.039634 2358
0.602763 0.458958 -0.002036 2274
0.603751 0.461111 0.006620 2343
0.604748 0.453751 -0.054949 2385
0.605759 0.425941 -0.002437 2457
0.606795 0.451523 0.006780 2451
0.607816 0.455354 -0.028231 2289
0.608794 0.438625 0.016195 2376
0.609834 0.450801 0.047020 2461
0.610784 0.442897 0.017380 2352
0.611783 0.428766 -0.057144 2409
0.612798 0.437564 -0.037195 2352
0.613808 0.428819 -0.008933 2604
0.614805 0.414048 -0.027374 2262
0.615790 0.430441 0.004095 2391
0.616753 0.424178 0.028518 2448
0.617771 0.424839 0.005168 2448
0.618765 0.409861 -0.007504 2610
0.619762 0.415324 0.029066 2244
0.620750 0.434400 0.015293 2566
0.621777 0.418831 0.000908 2445
0.622730 0.419704 -0.024259 2442
0.623762 0.410531 0.020018 2649
0.624770 0.412376 0.005332 2568
0.625780 0.408017 0.034424 2400
0.626793 0.409445 -0.026067 2625
0.627792 0.402300 -0.012386 2436
0.628779 0.416579 -0.029650 2634
0.629815 0.405965 -0.025817 2640
0.630833 0.398661 -0.003057 2509
0.631798 0.392753 0.009859 2532
0.632786 0.402093 -0.000435 2571
0.633791 0.399615 0.017688 2544
0.634806 0.380356 0.003108 2535
0.635800 0.386376 -0.004969 2736
0.636798 0.376868 0.023322 2592
0.637767 0.384795 -0.002742 2463
0.638784 0.387813 0.020309 2778
0.639785 0.365152 -0.007410 2412
0.640746 0.383475 0.033305 2649
0.641784 0.377955 -0.022498 2884
0.642802 0.369025 -0.019631 2592
0.643789 0.377883 -0.014566 2607
0.644791 0.374069 -0.006226 2766
0.645804 0.368285 -0.012110 2595
0.646791 0.361807 0.022484 2679
0.647768 0.363528 -0.014636 2631
0.648784 0.369869 0.000535 2793
0.649820 0.363037 0.017683 2898
0.650785 0.365364 0.004004 2505
0.651785 0.358153 0.012586 2694
0.652766 0.362507 -0.003111 2692
0.653789 0.355968 -0.008153 2862
0.654767 0.358592 0.018546 2670
0.655762 0.353916 0.003398 2883
0.656775 0.357755 0.011791 2601
0.657763 0.350337 -0.017569 2838
0.658748 0.352001 -0.008575 2742
0.659770 0.348483 0.013273 2829
0.660772 0.351546 -0.013854 2907
0.661817 0.339679 -0.010129 2886
0.662784 0.344068 0.014520 2652
0.663777 0.338344 0.012268 2944
0.664795 0.346595 -0.007956 2841
0.665786 0.334562 0.013728 2631
0.666767 0.341447 -0.013876 3024
0.667774 0.330218 -0.002073 2835
0.668785 0.328251 0.009460 2979
0.669767 0.326983 -0.011225 2682
0.670782 0.326127 -0.027488 3072
0.671797 0.333639 0.007872 2697
0.672749 0.317388 0.006462 3030
0.673772 0.321269 -0.011255 2913
0.674808 0.328021 -0.014508 3007
0.675796 0.322039 -0.015140 2946
0.676801 0.330249 -0.000346 2871
0.677781 0.329718 0.021104 2877
0.678776 0.319911 -0.009215 2997
0.679803 0.319891 0.002083 2979
0.680769 0.321890 0.018184 3039
0.681788 0.300864 -0.007958 2958
0.682813 0.312996 0.021355 3090
0.683792 0.315346 -0.030608 2790
0.684777 0.308857 -0.028014 3021
0.685795 0.305049 -0.003920 3202
0.686767 0.301575 -0.014909 2829
0.687740 0.305700 0.006961 3015
0.688775 0.306198 0.014444 3153
0.689791 0.309455 0.009813 3093
0.690773 0.303850 -0.007151 2934
0.691777 0.306977 -0.015457 3174
0.692788 0.306130 -0.004939 3075
0.693801 0.294606 0.011868 3186
0.694782 0.296535 0.005182 2967
0.695756 0.307013 -0.001440 3111
0.696781 0.302858 0.003495 3061
0.697809 0.294444 0.009643 3330
0.698801 0.291931 0.024971 3051
0.699783 0.289605 -0.016124 3105
0.700763 0.286905 0.011716 3096
0.701754 0.278189 -0.005814 3072
0.702740 0.285793 0.021116 3150
0.703786 0.285992 0.005001 3480
0.704777 0.276510 0.006583 2904
0.705775 0.282874 0.009427 3408
0.706777 0.286308 0.016423 3099
0.707785 0.272671 0.003118 3295
0.708777 0.287422 0.003564 3156
0.709777 0.276403 -0.002091 3213
0.710797 0.277413 0.004002 3276
0.711792 0.274513 0.004321 3378
0.712780 0.278154 0.005894 3153
0.713794 0.267721 0.011992 3348
0.714775 0.270115 -0.004231 3051
0.715771 0.271945 -0.009852 3351
0.716773 0.267480 0.008197 3375
0.717772 0.269259 -0.004491 3301
0.718765 0.268454 0.015728 3219
0.719774 0.270886 0.001635 3453
0.720790 0.264026 -0.005973 3360
0.721781 0.267586 -0.002106 3201
0.722780 0.255893 -0.003632 3438
0.723785 0.258174 -0.006661 3339
0.724755 0.267404 0.004775 3240
0.725773 0.257948 0.012906 3660
0.726807 0.267378 -0.006836 3375
0.727803 0.249944 -0.002791 3300
0.728805 0.261541 -0.003074 3325
0.729767 0.260077 0.002942 3462
0.730798 0.248758 0.001983 3579
0.731801 0.256660 -0.008273 3414
0.732793 0.253113 0.012679 3213
0.733782 0.253240 0.007299 3636
0.734795 0.256318 0.015360 3441
0.735786 0.255294 -0.008196 3360
0.736789 0.253890 -0.010618 3609
0.737804 0.249609 -0.001442 3624
0.738824 0.255011 -0.000443 3348
0.739784 0.248069 0.008099 3580
0.740788 0.248826 0.002723 3258
0.741779 0.247347 0.001942 3630
0.742781 0.248705 0.005771 3705
0.743795 0.242614 0.009916 3432
0.744793 0.244686 0.000645 3702
0.745800 0.241558 -0.010934 3456
0.746797 0.237118 -0.005658 3462
0.747783 0.239705 -0.010116 3666
0.748780 0.238698 0.001246 3639
0.749783 0.234394 -0.002343 3555
0.750792 0.237553 0.012816 3664
0.751787 0.233079 0.014918 3645
0.752797 0.231556 -0.002355 3603
0.753799 0.227969 0.000422 3594
0.754756 0.233302 -0.004011 3471
0.755772 0.236986 -0.000837 3915
0.756797 0.230634 0.004506 3783
0.757782 0.229443 -0.001453 3444
0.758782 0.229013 -0.004709 3771
0.759773 0.230077 0.007003 3528
0.760758 0.225914 0.007393 3819
0.761786 0.228504 -0.011655 3853
0.762791 0.224792 0.009610 3759
0.763796 0.221582 0.003785 3603
0.764778 0.225149 -0.001194 3729
0.765767 0.218218 -0.000734 3810
0.766788 0.219523 -0.001877 3705
0.767780 0.214490 -0.001666 3927
0.768819 0.222001 0.015594 3825
0.769815 0.216950 -0.001857 3864
0.770793 0.220448 0.001064 3636
0.771765 0.211380 -0.000852 3702
0.772808 0.214547 0.000030 3949
0.773776 0.220990 -0.002909 3816
0.774794 0.216838 -0.001421 4011
0.775777 0.223032 -0.001484 3582
0.776747 0.214027 -0.003962 3813
0.777770 0.211296 -0.002728 4107
0.778805 0.215714 -0.002937 3819
0.779796 0.212037 -0.001444 4068
0.780812 0.212090 0.004735 3774
0.781792 0.211966 0.012864 4002
0.782799 0.210042 0.007902 3849
0.783773 0.209571 0.005039 3823
0.784773 0.206309 -0.018265 4002
0.785782 0.204242 0.001600 3933
0.786779 0.205566 0.007627 3966
0.787778 0.202604 -0.010309 4095
0.788770 0.210533 0.007171 3918
0.789784 0.198567 0.000829 3966
0.790796 0.198893 0.009724 4062
0.791784 0.204691 0.001868 3969
0.792785 0.199803 -0.011182 4083
0.793777 0.197891 0.000567 4050
0.794774 0.201296 -0.009568 3853
0.795791 0.195182 0.005252 4419
0.796806 0.197360 -0.002155 3930
0.797795 0.195418 0.002954 3891
0.798783 0.197152 -0.014273 4350
0.799802 0.193961 -0.002390 3954
0.800784 0.199049 -0.003061 4122
0.801792 0.197924 0.001700 4281
0.802794 0.195018 0.006370 3876
0.803767 0.195121 0.002158 4044
